-1.000000000000000000e+01 -8.814433657746700337e+05
-9.797979797979797567e+00 -7.956228319522974780e+05
-9.595959595959595134e+00 -7.165894291666978970e+05
-9.393939393939394478e+00 -6.439876720427650725e+05
-9.191919191919192045e+00 -5.773734275883763330e+05
-8.989898989898989612e+00 -5.164217577035086579e+05
-8.787878787878787179e+00 -4.607118298158717807e+05
-8.585858585858586522e+00 -4.099055362204948324e+05
-8.383838383838384090e+00 -3.636990172258694074e+05
-8.181818181818181657e+00 -3.217562859220670653e+05
-7.979797979797979224e+00 -2.837821218684822088e+05
-7.777777777777777679e+00 -2.494569838098769833e+05
-7.575757575757576134e+00 -2.185416107589583262e+05
-7.373737373737373701e+00 -1.907868859816659824e+05
-7.171717171717171269e+00 -1.659118534447693964e+05
-6.969696969696969724e+00 -1.437126868254267902e+05
-6.767676767676768179e+00 -1.239633466182773846e+05
-6.565656565656565746e+00 -1.064196053384573024e+05
-6.363636363636363313e+00 -9.093027514841803350e+04
-6.161616161616161769e+00 -7.732614905732261832e+04
-5.959595959595959336e+00 -6.538329025100918807e+04
-5.757575757575757791e+00 -5.497068822895889025e+04
-5.555555555555555358e+00 -4.588516092242269951e+04
-5.353535353535353813e+00 -3.809763023193429399e+04
-5.151515151515151381e+00 -3.137613405184207295e+04
-4.949494949494949836e+00 -2.564633296020828857e+04
-4.747474747474747403e+00 -2.078876486313353598e+04
-4.545454545454545858e+00 -1.670592342031649969e+04
-4.343434343434343425e+00 -1.326182520743742498e+04
-4.141414141414141881e+00 -1.043051916828345020e+04
-3.939393939393939448e+00 -8.087951591058569647e+03
-3.737373737373737903e+00 -6.220997146303561749e+03
-3.535353535353535470e+00 -4.694172667056631326e+03
-3.333333333333333037e+00 -3.482090760684949601e+03
-3.131313131313131493e+00 -2.515906962257205578e+03
-2.929292929292929060e+00 -1.812145479291165884e+03
-2.727272727272727515e+00 -1.265830913651749825e+03
-2.525252525252525082e+00 -8.386010741092769649e+02
-2.323232323232323537e+00 -5.521700583615754567e+02
-2.121212121212121104e+00 -3.273176625555686883e+02
-1.919191919191918672e+00 -2.054082741304312378e+02
-1.717171717171718015e+00 -1.065778354045533831e+02
-1.515151515151515582e+00 -6.055392592650038353e+01
-1.313131313131313149e+00 -3.742584193415778770e+01
-1.111111111111110716e+00 -2.357868060015543676e+01
-9.090909090909100598e-01 4.175069011133245134e+00
-7.070707070707076269e-01 2.192789163474260228e+00
-5.050505050505051940e-01 6.473739728375990765e+00
-3.030303030303027612e-01 1.948207355363214788e+01
-1.010101010101003283e-01 5.014579794866543594e+00
1.010101010101003283e-01 -8.088778814459054445e-01
3.030303030303027612e-01 1.027727049311582519e+01
5.050505050505051940e-01 1.683648132468185565e+01
7.070707070707076269e-01 1.199178664268132621e+01
9.090909090909082835e-01 2.488247120537151602e+01
1.111111111111110716e+00 2.804808712429186102e+01
1.313131313131313149e+00 6.820987301890598076e+01
1.515151515151515582e+00 9.649913380007225783e+01
1.717171717171716239e+00 2.076889338881732385e+02
1.919191919191918672e+00 3.178440223862966150e+02
2.121212121212121104e+00 4.766791450750988020e+02
2.323232323232323537e+00 7.463621144537000873e+02
2.525252525252524194e+00 1.093560136747617662e+03
2.727272727272726627e+00 1.565257358924442315e+03
2.929292929292929060e+00 2.211019059939021645e+03
3.131313131313131493e+00 3.039034828715937238e+03
3.333333333333333925e+00 4.121115360617226543e+03
3.535353535353534582e+00 5.471025462289966526e+03
3.737373737373737015e+00 7.177421273465771264e+03
3.939393939393939448e+00 9.238118998337929952e+03
4.141414141414141881e+00 1.183956005573971743e+04
4.343434343434342537e+00 1.493584576828998797e+04
4.545454545454544970e+00 1.866681235783125157e+04
4.747474747474747403e+00 2.310516718425671570e+04
4.949494949494949836e+00 2.835421342323642966e+04
5.151515151515150492e+00 3.452480476192336209e+04
5.353535353535352925e+00 4.173650177535444527e+04
5.555555555555555358e+00 5.009856496232504287e+04
5.757575757575757791e+00 5.974712391092998587e+04
5.959595959595958448e+00 7.085040276268991875e+04
6.161616161616162657e+00 8.354257558563210478e+04
6.363636363636363313e+00 9.798778536757608526e+04
6.565656565656563970e+00 1.143668477105957863e+05
6.767676767676768179e+00 1.329000493966186768e+05
6.969696969696968836e+00 1.537357642039466591e+05
7.171717171717173045e+00 1.771139212064064050e+05
7.373737373737373701e+00 2.032734333313082170e+05
7.575757575757574358e+00 2.324201380736290012e+05
7.777777777777778567e+00 2.648482419318809407e+05
7.979797979797979224e+00 3.007426011906584026e+05
8.181818181818179880e+00 3.404918115782376262e+05
8.383838383838384090e+00 3.843197528870193637e+05
8.585858585858584746e+00 4.325402596874050796e+05
8.787878787878788955e+00 4.854833857878956478e+05
8.989898989898989612e+00 5.435237638230143348e+05
9.191919191919190268e+00 6.069564591963788262e+05
9.393939393939394478e+00 6.761792111506413203e+05
9.595959595959595134e+00 7.516140211992618861e+05
9.797979797979799343e+00 8.336200987488143146e+05
1.000000000000000000e+01 9.226597668179823086e+05
